0 2.562813868
0.00001 8491.138316
0.00002 16905.11739
0.00003 25227.13842
5.34236E-05 44003.35698
7.93748E-05 64295.5644
0.000120582 93991.66886
0.000163717 120880.5083
0.00020697 142587.5695
0.000250207 158280.72
0.00029343 167467.9385
0.000336614 169923.1135
0.000346614 169348.4835
0.000356614 168608.8764
0.000366614 167756.424
0.000376614 166836.3134
0.000386614 165893.7556
0.000396614 164969.2243
0.000406614 164342.8187
0.000416614 163753.5101
0.000426614 163166.3095
0.000436614 162581.2092
0.000486614 159707.2924
0.000736614 145954.8209
0.001 132740.8643
0.00101 132263.7422
0.00106 129924.4027
0.00131 118730.0289
0.001853068 97566.86433
0.002 92531.92538
0.00201 92198.88784
0.00206 90565.99803
0.00231 82752.17743
0.002852454 67995.2397
0.003 64465.68544
0.00301 64233.22038
0.00306 63093.43947
0.00331 57639.2787
0.003851573 47353.97586
0.003861573 47182.82885
0.003911573 46343.69157
0.004161573 42328.19213
0.004702098 34769.22892
0.005226829 28713.43698
0.005751403 23701.55655
0.006274798 19560.78085
0.006796821 16139.42402
0.007317184 13312.53835
0.007327184 13263.37532
0.007377184 13022.32799
0.007627184 11868.85113
0.008157753 9734.009196
0.008671249 8022.387347
0.009182204 6606.09973
0.009689177 5436.186637
0.010191407 4469.800095
0.010687932 3671.648389
0.011177612 3012.580083
0.011659092 2468.524834
0.012130767 2019.61437
0.012590749 1649.457362
0.013036825 1344.541576
0.013466421 1093.741607
0.013876562 887.9144911
0.014263846 719.5688001
0.014624413 582.5958747
0.01495394 472.0546807
0.015247625 384.0051399
0.015500175 315.3900019
0.015651764 277.1133731
0.015758626 251.3584823
0.015864487 226.8009735
0.015954291 206.6882705
0.01608979 177.5397257
0.016274757 139.9648991
0.016374022 120.8107477
0.016427774 110.7208258
0.016457012 105.3138271
0.016505184 96.52813477
0.016556645 87.30885451
0.016616064 76.87351332
0.016653124 70.47683187
0.016706619 61.39214916
0.016765137 51.65210252
0.016865209 35.46147619
0.016962342 20.29305722
0.017004562 13.86352019
0.017014562 12.35761945
0.017064562 4.960880886
0.017074562 3.486824782
0.017084562 2.01804136
0.017094562 0.554511758
0.017104562 -0.007754282
0.017114562 -0.007767383
0.017124562 -0.007767383
0.017134562 -0.007767382
0.017146216 -0.007767382
0.017204484 -0.007767381
0.017495824 -0.007767375
0.018495824 -0.007767356
0.019495824 -0.007767337
0.02 -0.007767327
